regiao;coduf;data;semanaEpi;populacaoTCU2019;casosAcumulado;casosNovos;obitosAcumulado;obitosNovos
Brasil;76;25/02/2020;9;210147125;0;0;0;0
Brasil;76;26/02/2020;9;210147125;1;1;0;0
Brasil;76;27/02/2020;9;210147125;1;0;0;0
Brasil;76;28/02/2020;9;210147125;1;0;0;0
Brasil;76;29/02/2020;9;210147125;2;1;0;0
Brasil;76;01/03/2020;10;210147125;2;0;0;0
Brasil;76;02/03/2020;10;210147125;2;0;0;0
Brasil;76;03/03/2020;10;210147125;2;0;0;0
Brasil;76;04/03/2020;10;210147125;3;1;0;0
Brasil;76;05/03/2020;10;210147125;7;4;0;0
Brasil;76;06/03/2020;10;210147125;13;6;0;0
Brasil;76;07/03/2020;10;210147125;19;6;0;0
Brasil;76;08/03/2020;11;210147125;25;6;0;0
Brasil;76;09/03/2020;11;210147125;25;0;0;0
Brasil;76;10/03/2020;11;210147125;34;9;0;0
Brasil;76;11/03/2020;11;210147125;52;18;0;0
Brasil;76;12/03/2020;11;210147125;77;25;0;0
Brasil;76;13/03/2020;11;210147125;98;21;0;0
Brasil;76;14/03/2020;11;210147125;121;23;0;0
Brasil;76;15/03/2020;12;210147125;200;79;0;0
Brasil;76;16/03/2020;12;210147125;234;34;0;0
Brasil;76;17/03/2020;12;210147125;291;57;1;1
Brasil;76;18/03/2020;12;210147125;428;137;4;3
Brasil;76;19/03/2020;12;210147125;621;193;6;2
Brasil;76;20/03/2020;12;210147125;904;283;11;5
Brasil;76;21/03/2020;12;210147125;1128;224;18;7
Brasil;76;22/03/2020;13;210147125;1546;418;25;7
Brasil;76;23/03/2020;13;210147125;1891;345;34;9
Brasil;76;24/03/2020;13;210147125;2201;310;46;12
Brasil;76;25/03/2020;13;210147125;2433;232;57;11
Brasil;76;26/03/2020;13;210147125;2915;482;77;20
Brasil;76;27/03/2020;13;210147125;3417;502;92;15
Brasil;76;28/03/2020;13;210147125;3903;486;114;22
Brasil;76;29/03/2020;14;210147125;4256;353;136;22
Brasil;76;30/03/2020;14;210147125;4579;323;159;23
Brasil;76;31/03/2020;14;210147125;5717;1138;201;42
Brasil;76;01/04/2020;14;210147125;6834;1117;241;40
Brasil;76;02/04/2020;14;210147125;7910;1076;299;58
Brasil;76;03/04/2020;14;210147125;9056;1146;359;60
Brasil;76;04/04/2020;14;210147125;10278;1222;432;73
Brasil;76;05/04/2020;15;210147125;11130;852;486;54
Brasil;76;06/04/2020;15;210147125;12056;926;553;67
Brasil;76;07/04/2020;15;210147125;13717;1661;667;114
Brasil;76;08/04/2020;15;210147125;15927;2210;800;133
Brasil;76;09/04/2020;15;210147125;17857;1930;941;141
Brasil;76;10/04/2020;15;210147125;19638;1781;1056;115
Brasil;76;11/04/2020;15;210147125;20727;1089;1124;68
Brasil;76;12/04/2020;16;210147125;22169;1442;1223;99
Brasil;76;13/04/2020;16;210147125;23430;1261;1328;105
Brasil;76;14/04/2020;16;210147125;25262;1832;1532;204
Brasil;76;15/04/2020;16;210147125;28320;3058;1736;204
Brasil;76;16/04/2020;16;210147125;30425;2105;1924;188
Brasil;76;17/04/2020;16;210147125;33682;3257;2141;217
Brasil;76;18/04/2020;16;210147125;36599;2917;2347;206
Brasil;76;19/04/2020;17;210147125;38654;2055;2462;115
Brasil;76;20/04/2020;17;210147125;40581;1927;2575;113
Brasil;76;21/04/2020;17;210147125;43079;2498;2741;166
Brasil;76;22/04/2020;17;210147125;45757;2678;2906;165
Brasil;76;23/04/2020;17;210147125;49492;3735;3313;407
Brasil;76;24/04/2020;17;210147125;52995;3503;3670;357
Brasil;76;25/04/2020;17;210147125;58509;5514;4016;346
Brasil;76;26/04/2020;18;210147125;61888;3379;4205;189
Brasil;76;27/04/2020;18;210147125;66501;4613;4543;338
Brasil;76;28/04/2020;18;210147125;71886;5385;5017;474
Brasil;76;29/04/2020;18;210147125;78162;6276;5466;449
Brasil;76;30/04/2020;18;210147125;85380;7218;5901;435
Brasil;76;01/05/2020;18;210147125;91299;5919;6329;428
Brasil;76;02/05/2020;18;210147125;96396;5097;6724;395
Brasil;76;03/05/2020;19;210147125;101147;4751;7025;301
Brasil;76;04/05/2020;19;210147125;107780;6633;7321;296
Brasil;76;05/05/2020;19;210147125;114715;6935;7921;600
Brasil;76;06/05/2020;19;210147125;125218;10503;8535;614
Brasil;76;07/05/2020;19;210147125;135106;9888;9146;611
Brasil;76;08/05/2020;19;210147125;145328;10222;9895;749
Brasil;76;09/05/2020;19;210147125;155939;10611;10627;732
Brasil;76;10/05/2020;20;210147125;162699;6760;11123;496
Brasil;76;11/05/2020;20;210147125;168331;5632;11519;396
Brasil;76;12/05/2020;20;210147125;177589;9258;12400;881
Brasil;76;13/05/2020;20;210147125;188974;11385;13149;749
Brasil;76;14/05/2020;20;210147125;202918;13944;13993;844
Brasil;76;15/05/2020;20;210147125;218223;15305;14817;824
Brasil;76;16/05/2020;20;210147125;233142;14919;15633;816
Brasil;76;17/05/2020;21;210147125;241080;7938;16118;485
Brasil;76;18/05/2020;21;210147125;254220;13140;16792;674
Brasil;76;19/05/2020;21;210147125;271628;17408;17971;1179
Brasil;76;20/05/2020;21;210147125;291579;19951;18859;888
Brasil;76;21/05/2020;21;210147125;310087;18508;20047;1188
Brasil;76;22/05/2020;21;210147125;330890;20803;21046;999
Brasil;76;23/05/2020;21;210147125;347398;16508;22013;967
Brasil;76;24/05/2020;22;210147125;363211;15813;22666;653
Brasil;76;25/05/2020;22;210147125;374898;11687;23473;807
Brasil;76;26/05/2020;22;210147125;391222;16324;24512;1039
Brasil;76;27/05/2020;22;210147125;411821;20599;25598;1086
Brasil;76;28/05/2020;22;210147125;438238;26417;26754;1156
Brasil;76;29/05/2020;22;210147125;465166;26928;27878;1124
Brasil;76;30/05/2020;22;210147125;498440;33274;28834;956
Brasil;76;31/05/2020;23;210147125;514200;15760;29314;480
Brasil;76;01/06/2020;23;210147125;526447;12247;29937;623
Brasil;76;02/06/2020;23;210147125;555383;28936;31199;1262
Brasil;76;03/06/2020;23;210147125;584016;28633;32548;1349
Brasil;76;04/06/2020;23;210147125;614941;30925;34021;1473
Brasil;76;05/06/2020;23;210147125;645771;30830;35026;1005
Brasil;76;06/06/2020;23;210147125;672846;27075;35930;904
Brasil;76;07/06/2020;24;210147125;691758;18912;36455;525
Brasil;76;08/06/2020;24;210147125;707412;15654;37134;679
Brasil;76;09/06/2020;24;210147125;739503;32091;38406;1272
Brasil;76;10/06/2020;24;210147125;772416;32913;39680;1274
Brasil;76;11/06/2020;24;210147125;802828;30412;40919;1239
Brasil;76;12/06/2020;24;210147125;828810;25982;41828;909
Brasil;76;13/06/2020;24;210147125;850514;21704;42720;892
Brasil;76;14/06/2020;25;210147125;867624;17110;43332;612
Brasil;76;15/06/2020;25;210147125;888271;20647;43959;627
Brasil;76;16/06/2020;25;210147125;923189;34918;45241;1282
Brasil;76;17/06/2020;25;210147125;955377;32188;46510;1269
Brasil;76;18/06/2020;25;210147125;978142;22765;47748;1238
Brasil;76;19/06/2020;25;210147125;1032913;54771;48954;1206
Brasil;76;20/06/2020;25;210147125;1067579;34666;49976;1022
Brasil;76;21/06/2020;26;210147125;1085038;17459;50617;641
Brasil;76;22/06/2020;26;210147125;1106470;21432;51271;654
Brasil;76;23/06/2020;26;210147125;1145906;39436;52645;1374
Brasil;76;24/06/2020;26;210147125;1188631;42725;53830;1185
Brasil;76;25/06/2020;26;210147125;1228114;39483;54971;1141
Brasil;76;26/06/2020;26;210147125;1274974;46860;55961;990
Brasil;76;27/06/2020;26;210147125;1313667;38693;57070;1109
Brasil;76;28/06/2020;27;210147125;1344143;30476;57622;552
Brasil;76;29/06/2020;27;210147125;1368195;24052;58314;692
Brasil;76;30/06/2020;27;210147125;1402041;33846;59594;1280
Brasil;76;01/07/2020;27;210147125;1448753;46712;60632;1038
Brasil;76;02/07/2020;27;210147125;1496858;48105;61884;1252
Brasil;76;03/07/2020;27;210147125;1539081;42223;63174;1290
Brasil;76;04/07/2020;27;210147125;1577004;37923;64265;1091
Brasil;76;05/07/2020;28;210147125;1603055;26051;64867;602
Brasil;76;06/07/2020;28;210147125;1623284;20229;65487;620
Brasil;76;07/07/2020;28;210147125;1668589;45305;66741;1254
Brasil;76;08/07/2020;28;210147125;1713160;44571;67964;1223
Brasil;76;09/07/2020;28;210147125;1755779;42619;69184;1220
Brasil;76;10/07/2020;28;210147125;1800827;45048;70398;1214
Brasil;76;11/07/2020;28;210147125;1839850;39023;71469;1071
Brasil;76;12/07/2020;29;210147125;1864681;24831;72100;631
Brasil;76;13/07/2020;29;210147125;1884967;20286;72833;733
Brasil;76;14/07/2020;29;210147125;1926824;41857;74133;1300
Brasil;76;15/07/2020;29;210147125;1966748;39924;75366;1233
Brasil;76;16/07/2020;29;210147125;2012151;45403;76688;1322
Brasil;76;17/07/2020;29;210147125;2046328;34177;77851;1163
Brasil;76;18/07/2020;29;210147125;2074860;28532;78772;921
Brasil;76;19/07/2020;30;210147125;2098389;23529;79488;716
Brasil;76;20/07/2020;30;210147125;2118646;20257;80120;632
Brasil;76;21/07/2020;30;210147125;2159654;41008;81487;1367
Brasil;76;22/07/2020;30;210147125;2227514;67860;82771;1284
Brasil;76;23/07/2020;30;210147125;2287475;59961;84082;1311
Brasil;76;24/07/2020;30;210147125;2343366;55891;85238;1156
Brasil;76;25/07/2020;30;210147125;2394513;51147;86449;1211
Brasil;76;26/07/2020;31;210147125;2419091;24578;87004;555
Brasil;76;27/07/2020;31;210147125;2442375;23284;87618;614
Brasil;76;28/07/2020;31;210147125;2483191;40816;88539;921
Brasil;76;29/07/2020;31;210147125;2552265;69074;90134;1595
Brasil;76;30/07/2020;31;210147125;2610102;57837;91263;1129
Brasil;76;31/07/2020;31;210147125;2662485;52383;92475;1212
